0 -4 -100 -9
0 -4 -9 -9
0 -4 -7 -9
0 -4 -9 -7
0 -4 -9 -5
0 -4 -7 -7
0 -4 -6 -7
0 -6 -9 -9
0 -3 -9 -9
0 -2 -9 -9
0 -1 -9 -5
0 -3 -5 -5
0 -2 -5 -5
0 -1 -5 -5

0.01 -4 -100 -9
0.01 -4 -9 -9
0.01 -4 -7 -9
0.01 -4 -9 -7
0.01 -4 -9 -5
0.01 -4 -7 -7
0.01 -4 -6 -7
0.01 -6 -9 -9
0.01 -3 -9 -9
0.01 -2 -9 -9
0.01 -1 -9 -5
0.01 -3 -5 -5
0.01 -2 -5 -5
0.01 -1 -5 -5

0.1 -4 -100 -9
0.1 -4 -9 -9
0.1 -4 -7 -9
0.1 -4 -9 -7
0.1 -4 -9 -5
0.1 -4 -7 -7
0.1 -4 -6 -7
0.1 -6 -9 -9
0.1 -3 -9 -9
0.1 -2 -9 -9
0.1 -1 -9 -5
0.1 -3 -5 -5
0.1 -2 -5 -5
0.1 -1 -5 -5

